80
1 70 940
2 282 211
3 316 471
4 448 983
5 727 923
6 776 315
7 877 493
8 351 191
9 438 500
10 805 825
11 573 880
12 591 969
13 610 202
14 882 215
15 913 270
16 982 519
17 228 645
18 662 594
19 347 899
20 400 689
21 284 104
22 758 375
23 607 992
24 733 122
25 446 324
26 108 171
27 332 974
28 390 740
29 517 391
30 288 892
31 473 153
32 995 78
33 960 369
34 841 602
35 514 880
36 937 604
37 771 555
38 306 66
39 659 334
40 349 485
41 488 377
42 256 87
43 56 26
44 928 310
45 769 92
46 178 26
47 799 699
48 608 916
49 191 836
50 518 151
51 393 784
52 31 810
53 377 375
54 505 500
55 973 482
56 208 552
57 736 366
58 646 612
59 730 795
60 318 965
61 864 128
62 61 47
63 704 801
64 192 944
65 771 413
66 848 183
67 747 422
68 778 625
69 17 132
70 333 544
71 860 347
72 329 964
73 551 646
74 231 280
75 596 551
76 687 142
77 790 391
78 95 589
79 843 206
80 144 931
