80
1 0 0
2 16 0
3 0 16
4 16 16
5 54 54
6 60 54
7 54 60
8 60 60
9 31 31
10 109 31
11 31 109
12 109 109
13 75 75
14 107 75
15 75 107
16 107 107
17 70 70
18 88 70
19 70 88
20 88 88
21 45 45
22 90 45
23 45 90
24 90 90
25 73 73
26 91 73
27 73 91
28 91 91
29 15 15
30 80 15
31 15 80
32 80 80
33 39 39
34 105 39
35 39 105
36 105 105
37 67 67
38 127 67
39 67 127
40 127 127
41 1 1
42 46 1
43 1 46
44 46 46
45 29 29
46 40 29
47 29 40
48 40 40
49 60 60
50 67 60
51 60 67
52 67 67
53 71 71
54 88 71
55 71 88
56 88 88
57 20 20
58 69 20
59 20 69
60 69 69
61 70 70
62 126 70
63 70 126
64 126 126
65 35 35
66 64 35
67 35 64
68 64 64
69 61 61
70 63 61
71 61 63
72 63 63
73 3 3
74 5 3
75 3 5
76 5 5
77 1 1
78 70 1
79 1 70
80 70 70
