300
1 1211 870
2 757 1858
3 1931 1443
4 1934 1109
5 1286 469
6 631 403
7 1160 1903
8 387 816
9 1136 139
10 1749 691
11 1115 13
12 1429 1076
13 1376 1267
14 1156 1684
15 1566 672
16 956 270
17 1906 1497
18 524 1325
19 1198 1983
20 355 1007
21 1350 1311
22 874 1912
23 412 374
24 1127 1193
25 1679 168
26 1855 1187
27 1151 1747
28 1596 55
29 469 47
30 1887 975
31 49 1882
32 488 18
33 19 849
34 564 1540
35 1518 689
36 1062 460
37 1337 751
38 1593 1035
39 1096 1268
40 1348 1322
41 379 878
42 1087 1890
43 422 1283
44 469 273
45 225 1847
46 1931 156
47 768 1743
48 1376 528
49 1045 326
50 1029 1310
51 1748 881
52 287 359
53 1704 1775
54 331 403
55 276 1747
56 1921 936
57 381 1492
58 572 841
59 1158 116
60 1753 45
61 667 784
62 190 402
63 1315 744
64 349 577
65 1312 1136
66 1256 211
67 1496 1462
68 743 1669
69 41 1333
70 120 40
71 1768 1625
72 1895 1853
73 731 435
74 1695 1311
75 1576 96
76 1327 224
77 189 181
78 592 121
79 194 493
80 6 1020
81 1516 1687
82 1445 1676
83 819 1993
84 710 1136
85 1238 650
86 1018 435
87 1069 1071
88 958 432
89 239 100
90 863 1964
91 805 1725
92 176 980
93 478 93
94 1626 1881
95 661 950
96 1892 489
97 1649 658
98 1747 368
99 219 1619
100 643 351
101 85 918
102 406 235
103 889 1837
104 1437 1113
105 79 684
106 1813 1161
107 1491 324
108 228 256
109 822 383
110 1732 411
111 420 731
112 1886 1696
113 535 1467
114 1643 343
115 650 137
116 407 1146
117 368 65
118 391 553
119 1925 1866
120 604 1345
121 1029 1590
122 1465 189
123 428 1869
124 1282 77
125 110 580
126 677 902
127 856 1268
128 1581 1130
129 134 264
130 1332 122
131 1046 934
132 1737 969
133 1773 1522
134 1331 1123
135 1321 384
136 69 190
137 1927 953
138 834 1264
139 1158 687
140 546 1777
141 1292 484
142 1254 1938
143 103 648
144 904 590
145 934 1938
146 343 1616
147 329 513
148 82 1045
149 822 226
150 1682 916
151 1902 805
152 381 955
153 1679 1180
154 424 1531
155 443 692
156 1101 6
157 921 167
158 1742 1336
159 747 1312
160 1496 1957
161 559 880
162 923 1201
163 1562 497
164 1689 1910
165 1330 1850
166 1853 289
167 10 130
168 1199 1789
169 1092 1880
170 533 1829
171 1490 1986
172 971 1652
173 1613 900
174 214 1535
175 1818 1588
176 1333 1653
177 1930 220
178 649 1414
179 1328 399
180 55 1874
181 1481 32
182 812 1299
183 135 1711
184 1120 1390
185 1502 1701
186 478 390
187 1955 1490
188 51 754
189 1121 1461
190 1301 1439
191 334 620
192 1334 1881
193 1565 1820
194 585 1718
195 661 83
196 244 867
197 291 684
198 550 1699
199 283 1556
200 619 1765
201 613 1259
202 1070 678
203 1478 476
204 878 56
205 955 896
206 1588 881
207 1757 975
208 1828 918
209 1586 1049
210 50 1273
211 1040 1765
212 1031 1056
213 840 1688
214 1316 633
215 144 488
216 1574 699
217 1425 1905
218 1675 782
219 146 1640
220 163 1454
221 1301 1918
222 987 1852
223 1 1575
224 1478 358
225 175 779
226 461 1399
227 1161 1549
228 1529 690
229 1344 1962
230 1149 1707
231 1389 756
232 1273 823
233 1306 496
234 1917 21
235 1265 493
236 1723 317
237 869 583
238 1665 40
239 961 922
240 1893 335
241 1118 1850
242 417 1113
243 168 658
244 561 864
245 1315 92
246 346 691
247 602 1425
248 878 1777
249 1224 1393
250 1213 1108
251 587 436
252 1854 1628
253 1205 1378
254 46 62
255 981 177
256 88 1532
257 1029 1837
258 615 1126
259 1189 1901
260 56 146
261 329 1236
262 994 280
263 1886 212
264 954 49
265 1443 1386
266 3 1682
267 1846 758
268 883 147
269 220 1529
270 1116 1461
271 852 84
272 952 706
273 1358 590
274 1238 775
275 568 742
276 117 720
277 1866 986
278 1438 99
279 1027 1192
280 248 1904
281 595 611
282 1446 615
283 1995 793
284 1155 410
285 657 530
286 112 1941
287 888 811
288 781 395
289 384 1923
290 727 1859
291 330 1765
292 721 547
293 1934 440
294 1814 1003
295 256 788
296 605 149
297 609 102
298 1566 635
299 130 837
300 581 1338
